0.000000  0.000000
5.000000  0.012517
10.000000  0.014331
15.000000  0.009803
20.000000  0.018521
25.000000  0.014531
30.000000  0.013617
35.000000  0.013091
40.000000  0.012043
45.000000  0.014828
50.000000  0.014988
55.000000  0.015415
60.000000  0.012249
65.000000  0.016728
70.000000  0.012425
75.000000  0.015191
80.000000  0.017210
85.000000  0.011262
90.000000  0.021642
95.000000  0.012248
100.000000  0.015235
105.000000  0.018651
110.000000  0.010400
115.000000  0.025698
120.000000  0.012175
125.000000  0.015214
130.000000  0.019601
135.000000  0.009672
140.000000  0.028152
145.000000  0.012193
150.000000  0.015086
155.000000  0.019842
160.000000  0.009050
165.000000  0.028784
170.000000  0.012357
175.000000  0.014646
180.000000  0.019047
185.000000  0.008782
190.000000  0.027600
195.000000  0.012889
200.000000  0.013781
