0.000000  0.000000
1.000000  0.013826
2.000000  0.013771
3.000000  0.013711
4.000000  0.013674
5.000000  0.013637
6.000000  0.013565
7.000000  0.013521
8.000000  0.013486
9.000000  0.013436
10.000000  0.013389
11.000000  0.013335
12.000000  0.013289
13.000000  0.013261
14.000000  0.013220
15.000000  0.013174
16.000000  0.013131
17.000000  0.013089
18.000000  0.013056
19.000000  0.013018
20.000000  0.012969
21.000000  0.012940
22.000000  0.012896
23.000000  0.012839
24.000000  0.012794
25.000000  0.012761
26.000000  0.012700
27.000000  0.012667
28.000000  0.012639
29.000000  0.012578
30.000000  0.012551
31.000000  0.012509
32.000000  0.012466
33.000000  0.012442
34.000000  0.012402
35.000000  0.012378
36.000000  0.012359
37.000000  0.012328
38.000000  0.012308
39.000000  0.012300
40.000000  0.012269
41.000000  0.012265
42.000000  0.012251
43.000000  0.012239
44.000000  0.012227
45.000000  0.012234
46.000000  0.012223
47.000000  0.012197
48.000000  0.012186
49.000000  0.012191
50.000000  0.012182
51.000000  0.012165
52.000000  0.012161
53.000000  0.012163
54.000000  0.012146
55.000000  0.012140
56.000000  0.012138
57.000000  0.012145
58.000000  0.012145
59.000000  0.012156
60.000000  0.012158
61.000000  0.012162
62.000000  0.012171
63.000000  0.012171
64.000000  0.012175
65.000000  0.012174
66.000000  0.012177
67.000000  0.012193
68.000000  0.012202
69.000000  0.012191
70.000000  0.012210
71.000000  0.012219
72.000000  0.012236
73.000000  0.012242
74.000000  0.012231
75.000000  0.012255
76.000000  0.012263
77.000000  0.012253
78.000000  0.012280
79.000000  0.012282
80.000000  0.012288
81.000000  0.012292
82.000000  0.012315
83.000000  0.012331
84.000000  0.012351
85.000000  0.012381
86.000000  0.012402
87.000000  0.012404
88.000000  0.012407
