0.000000  0.019151
0.500000  0.018911
1.000000  0.018718
1.500000  0.018504
2.000000  0.018136
2.500000  0.017630
3.000000  0.017047
3.500000  0.016477
4.000000  0.015872
4.500000  0.015197
5.000000  0.014559
5.500000  0.013860
6.000000  0.013233
6.500000  0.012619
7.000000  0.011794
7.500000  0.010782
8.000000  0.009643
8.500000  0.008426
9.000000  0.006809
9.500000  0.005273
10.000000  0.004718
10.500000  0.004583
11.000000  0.004516
11.500000  0.004464
12.000000  0.004400
12.500000  0.004315
13.000000  0.004216
13.500000  0.004124
14.000000  0.004099
14.500000  0.004189
15.000000  0.004344
15.500000  0.004531
16.000000  0.004842
16.500000  0.005513
17.000000  0.006773
17.500000  0.008669
18.000000  0.010811
18.500000  0.012854
19.000000  0.014608
19.500000  0.016108
20.000000  0.017085
20.500000  0.017617
21.000000  0.017561
21.500000  0.017107
22.000000  0.016417
22.500000  0.015558
23.000000  0.014578
23.500000  0.013543
24.000000  0.012661
24.500000  0.012156
25.000000  0.011957
25.500000  0.011888
26.000000  0.011888
26.500000  0.011992
27.000000  0.011997
27.500000  0.011972
28.000000  0.011900
28.500000  0.011843
29.000000  0.011672
29.500000  0.011462
30.000000  0.011078
30.500000  0.010490
31.000000  0.009898
31.500000  0.009264
32.000000  0.008841
32.500000  0.008571
33.000000  0.008882
33.500000  0.009723
34.000000  0.010689
34.500000  0.012006
35.000000  0.013493
35.500000  0.014931
36.000000  0.016188
36.500000  0.017431
37.000000  0.018418
37.500000  0.019051
38.000000  0.019465
38.500000  0.019676
39.000000  0.019683
39.500000  0.019457
40.000000  0.019152
40.500000  0.018912
41.000000  0.018716
41.500000  0.018503
42.000000  0.018136
42.500000  0.017629
43.000000  0.017046
43.500000  0.016477
44.000000  0.015872
44.500000  0.015197
45.000000  0.014559
45.500000  0.013859
46.000000  0.013233
46.500000  0.012619
47.000000  0.011793
47.500000  0.010781
48.000000  0.009644
48.500000  0.008426
49.000000  0.006811
49.500000  0.005271
50.000000  0.004719
50.500000  0.004584
51.000000  0.004516
51.500000  0.004464
52.000000  0.004401
52.500000  0.004315
53.000000  0.004216
53.500000  0.004125
54.000000  0.004099
54.500000  0.004189
55.000000  0.004344
55.500000  0.004530
56.000000  0.004843
56.500000  0.005513
57.000000  0.006774
57.500000  0.008668
58.000000  0.010811
58.500000  0.012853
59.000000  0.014608
59.500000  0.016109
60.000000  0.017086
60.500000  0.017617
61.000000  0.017560
61.500000  0.017105
62.000000  0.016417
62.500000  0.015558
63.000000  0.014578
63.500000  0.013543
64.000000  0.012660
64.500000  0.012155
65.000000  0.011956
65.500000  0.011888
66.000000  0.011889
66.500000  0.011993
67.000000  0.011998
67.500000  0.011971
68.000000  0.011901
68.500000  0.011842
69.000000  0.011672
69.500000  0.011462
70.000000  0.011078
70.500000  0.010491
71.000000  0.009900
71.500000  0.009264
72.000000  0.008840
72.500000  0.008572
73.000000  0.008881
73.500000  0.009723
74.000000  0.010690
74.500000  0.012005
75.000000  0.013493
75.500000  0.014929
76.000000  0.016188
76.500000  0.017430
77.000000  0.018418
77.500000  0.019051
78.000000  0.019465
78.500000  0.019676
79.000000  0.019683
79.500000  0.019457
80.000000  0.019153
80.500000  0.018912
81.000000  0.018717
81.500000  0.018505
82.000000  0.018135
82.500000  0.017630
83.000000  0.017047
83.500000  0.016477
84.000000  0.015873
84.500000  0.015198
85.000000  0.014560
85.500000  0.013861
86.000000  0.013233
86.500000  0.012619
87.000000  0.011794
87.500000  0.010781
88.000000  0.009645
88.500000  0.008426
89.000000  0.006809
89.500000  0.005273
90.000000  0.004718
90.500000  0.004583
91.000000  0.004515
91.500000  0.004465
92.000000  0.004400
92.500000  0.004315
93.000000  0.004216
93.500000  0.004123
94.000000  0.004100
94.500000  0.004188
95.000000  0.004344
95.500000  0.004530
96.000000  0.004843
96.500000  0.005514
97.000000  0.006773
97.500000  0.008670
98.000000  0.010812
98.500000  0.012855
99.000000  0.014608
99.500000  0.016109
100.000000  0.017087
100.500000  0.017620
101.000000  0.017562
101.500000  0.017107
102.000000  0.016416
102.500000  0.015557
103.000000  0.014578
103.500000  0.013543
104.000000  0.012661
104.500000  0.012155
105.000000  0.011958
105.500000  0.011889
106.000000  0.011888
106.500000  0.011992
107.000000  0.011998
107.500000  0.011972
108.000000  0.011901
108.500000  0.011843
109.000000  0.011671
109.500000  0.011463
110.000000  0.011079
110.500000  0.010492
111.000000  0.009900
111.500000  0.009265
112.000000  0.008841
112.500000  0.008571
113.000000  0.008882
113.500000  0.009724
114.000000  0.010690
114.500000  0.012006
115.000000  0.013494
115.500000  0.014931
116.000000  0.016186
116.500000  0.017429
117.000000  0.018418
117.500000  0.019052
118.000000  0.019465
118.500000  0.019676
119.000000  0.019683
119.500000  0.019459
120.000000  0.019152
120.500000  0.018911
121.000000  0.018716
121.500000  0.018505
122.000000  0.018136
122.500000  0.017630
123.000000  0.017047
123.500000  0.016477
124.000000  0.015873
124.500000  0.015196
125.000000  0.014560
125.500000  0.013859
126.000000  0.013233
126.500000  0.012618
127.000000  0.011794
127.500000  0.010781
128.000000  0.009644
128.500000  0.008426
129.000000  0.006811
129.500000  0.005271
130.000000  0.004719
130.500000  0.004583
131.000000  0.004515
131.500000  0.004465
132.000000  0.004401
132.500000  0.004314
133.000000  0.004216
133.500000  0.004123
134.000000  0.004099
134.500000  0.004189
135.000000  0.004344
135.500000  0.004531
136.000000  0.004843
136.500000  0.005514
137.000000  0.006775
137.500000  0.008670
138.000000  0.010813
138.500000  0.012854
139.000000  0.014608
139.500000  0.016107
140.000000  0.017086
140.500000  0.017618
141.000000  0.017560
141.500000  0.017106
142.000000  0.016416
142.500000  0.015557
143.000000  0.014579
143.500000  0.013543
144.000000  0.012661
144.500000  0.012156
145.000000  0.011957
145.500000  0.011889
146.000000  0.011887
146.500000  0.011992
147.000000  0.011997
147.500000  0.011971
148.000000  0.011900
148.500000  0.011842
149.000000  0.011673
149.500000  0.011462
150.000000  0.011078
150.500000  0.010491
151.000000  0.009898
151.500000  0.009264
152.000000  0.008841
152.500000  0.008571
153.000000  0.008881
153.500000  0.009724
154.000000  0.010689
154.500000  0.012005
155.000000  0.013494
155.500000  0.014930
156.000000  0.016188
156.500000  0.017428
157.000000  0.018417
157.500000  0.019052
158.000000  0.019465
158.500000  0.019674
159.000000  0.019683
159.500000  0.019457
160.000000  0.019151
160.500000  0.018911
161.000000  0.018717
161.500000  0.018505
162.000000  0.018137
162.500000  0.017630
163.000000  0.017047
163.500000  0.016477
164.000000  0.015873
164.500000  0.015197
165.000000  0.014559
165.500000  0.013860
166.000000  0.013232
166.500000  0.012618
167.000000  0.011794
167.500000  0.010781
168.000000  0.009644
168.500000  0.008425
169.000000  0.006810
169.500000  0.005272
170.000000  0.004719
170.500000  0.004584
171.000000  0.004516
171.500000  0.004464
172.000000  0.004400
172.500000  0.004315
173.000000  0.004215
173.500000  0.004124
174.000000  0.004099
174.500000  0.004188
175.000000  0.004346
175.500000  0.004530
176.000000  0.004843
176.500000  0.005514
177.000000  0.006774
177.500000  0.008667
178.000000  0.010811
178.500000  0.012854
179.000000  0.014609
179.500000  0.016107
180.000000  0.017084
180.500000  0.017618
181.000000  0.017560
181.500000  0.017105
182.000000  0.016416
182.500000  0.015558
183.000000  0.014578
183.500000  0.013544
184.000000  0.012660
184.500000  0.012155
185.000000  0.011957
185.500000  0.011890
186.000000  0.011888
186.500000  0.011993
187.000000  0.011998
187.500000  0.011971
188.000000  0.011901
188.500000  0.011843
189.000000  0.011672
189.500000  0.011462
190.000000  0.011079
190.500000  0.010491
191.000000  0.009900
191.500000  0.009262
192.000000  0.008841
192.500000  0.008571
193.000000  0.008881
193.500000  0.009724
194.000000  0.010690
194.500000  0.012005
195.000000  0.013494
195.500000  0.014929
196.000000  0.016188
196.500000  0.017428
197.000000  0.018417
197.500000  0.019052
198.000000  0.019463
198.500000  0.019676
199.000000  0.019683
199.500000  0.019458
200.000000  0.019152
200.500000  0.018912
201.000000  0.018718
201.500000  0.018505
202.000000  0.018135
202.500000  0.017629
203.000000  0.017046
203.500000  0.016476
204.000000  0.015873
204.500000  0.015196
205.000000  0.014560
205.500000  0.013861
206.000000  0.013233
206.500000  0.012619
207.000000  0.011793
207.500000  0.010781
208.000000  0.009644
208.500000  0.008426
209.000000  0.006809
209.500000  0.005272
210.000000  0.004718
210.500000  0.004582
211.000000  0.004515
211.500000  0.004465
212.000000  0.004400
212.500000  0.004315
213.000000  0.004216
213.500000  0.004123
214.000000  0.004099
214.500000  0.004189
215.000000  0.004345
215.500000  0.004529
216.000000  0.004842
216.500000  0.005512
217.000000  0.006773
217.500000  0.008668
218.000000  0.010813
218.500000  0.012852
219.000000  0.014609
219.500000  0.016106
220.000000  0.017087
220.500000  0.017617
221.000000  0.017563
221.500000  0.017106
222.000000  0.016416
222.500000  0.015557
223.000000  0.014578
223.500000  0.013542
224.000000  0.012660
224.500000  0.012155
225.000000  0.011958
225.500000  0.011888
226.000000  0.011889
226.500000  0.011992
227.000000  0.011999
227.500000  0.011972
228.000000  0.011901
228.500000  0.011842
229.000000  0.011672
229.500000  0.011462
230.000000  0.011078
230.500000  0.010492
231.000000  0.009899
231.500000  0.009264
232.000000  0.008841
232.500000  0.008571
233.000000  0.008882
233.500000  0.009723
234.000000  0.010690
234.500000  0.012005
235.000000  0.013493
235.500000  0.014929
236.000000  0.016186
236.500000  0.017428
237.000000  0.018418
237.500000  0.019053
238.000000  0.019465
238.500000  0.019676
239.000000  0.019684
239.500000  0.019458
240.000000  0.019152
240.500000  0.018911
241.000000  0.018717
241.500000  0.018504
242.000000  0.018135
242.500000  0.017630
243.000000  0.017045
243.500000  0.016476
244.000000  0.015872
244.500000  0.015196
245.000000  0.014558
245.500000  0.013860
246.000000  0.013234
246.500000  0.012619
247.000000  0.011792
247.500000  0.010781
248.000000  0.009645
248.500000  0.008425
249.000000  0.006810
249.500000  0.005271
250.000000  0.004719
250.500000  0.004584
251.000000  0.004516
251.500000  0.004465
252.000000  0.004401
252.500000  0.004315
253.000000  0.004216
253.500000  0.004124
254.000000  0.004100
254.500000  0.004188
255.000000  0.004345
255.500000  0.004531
256.000000  0.004843
256.500000  0.005514
257.000000  0.006774
257.500000  0.008668
258.000000  0.010814
258.500000  0.012852
259.000000  0.014609
259.500000  0.016106
260.000000  0.017085
260.500000  0.017617
261.000000  0.017560
261.500000  0.017105
262.000000  0.016416
262.500000  0.015556
263.000000  0.014578
263.500000  0.013544
264.000000  0.012661
264.500000  0.012156
265.000000  0.011957
265.500000  0.011888
266.000000  0.011889
266.500000  0.011993
267.000000  0.011997
267.500000  0.011972
268.000000  0.011900
268.500000  0.011842
269.000000  0.011673
269.500000  0.011462
270.000000  0.011078
270.500000  0.010492
271.000000  0.009898
271.500000  0.009264
272.000000  0.008840
272.500000  0.008571
273.000000  0.008881
273.500000  0.009723
274.000000  0.010690
274.500000  0.012005
275.000000  0.013493
275.500000  0.014931
276.000000  0.016187
276.500000  0.017429
277.000000  0.018419
277.500000  0.019052
278.000000  0.019465
278.500000  0.019675
279.000000  0.019684
279.500000  0.019457
280.000000  0.019152
280.500000  0.018911
281.000000  0.018717
281.500000  0.018504
282.000000  0.018137
282.500000  0.017630
283.000000  0.017047
283.500000  0.016477
284.000000  0.015874
284.500000  0.015197
285.000000  0.014559
285.500000  0.013860
286.000000  0.013233
286.500000  0.012619
287.000000  0.011794
287.500000  0.010782
288.000000  0.009645
288.500000  0.008424
289.000000  0.006810
289.500000  0.005272
290.000000  0.004718
290.500000  0.004584
291.000000  0.004515
291.500000  0.004465
292.000000  0.004400
292.500000  0.004315
293.000000  0.004215
293.500000  0.004123
294.000000  0.004099
294.500000  0.004188
295.000000  0.004345
295.500000  0.004530
296.000000  0.004843
296.500000  0.005515
297.000000  0.006774
297.500000  0.008669
298.000000  0.010812
298.500000  0.012853
299.000000  0.014609
299.500000  0.016107
300.000000  0.017085
300.500000  0.017617
301.000000  0.017560
301.500000  0.017106
302.000000  0.016417
302.500000  0.015557
303.000000  0.014579
303.500000  0.013542
304.000000  0.012660
304.500000  0.012155
305.000000  0.011957
305.500000  0.011888
306.000000  0.011888
306.500000  0.011993
307.000000  0.011998
307.500000  0.011972
308.000000  0.011901
308.500000  0.011842
309.000000  0.011673
309.500000  0.011462
310.000000  0.011079
310.500000  0.010492
311.000000  0.009900
311.500000  0.009263
312.000000  0.008841
312.500000  0.008570
313.000000  0.008882
313.500000  0.009723
314.000000  0.010690
314.500000  0.012005
315.000000  0.013494
315.500000  0.014929
316.000000  0.016188
316.500000  0.017429
317.000000  0.018417
317.500000  0.019051
318.000000  0.019464
318.500000  0.019674
319.000000  0.019684
319.500000  0.019458
320.000000  0.019152
320.500000  0.018911
321.000000  0.018717
321.500000  0.018504
322.000000  0.018136
322.500000  0.017631
323.000000  0.017047
323.500000  0.016476
324.000000  0.015873
324.500000  0.015197
325.000000  0.014559
325.500000  0.013861
326.000000  0.013234
326.500000  0.012619
327.000000  0.011793
327.500000  0.010780
328.000000  0.009644
328.500000  0.008424
329.000000  0.006810
329.500000  0.005272
330.000000  0.004718
330.500000  0.004584
331.000000  0.004516
331.500000  0.004465
332.000000  0.004401
332.500000  0.004314
333.000000  0.004216
333.500000  0.004124
334.000000  0.004100
334.500000  0.004188
335.000000  0.004346
335.500000  0.004530
336.000000  0.004842
336.500000  0.005512
337.000000  0.006774
337.500000  0.008670
338.000000  0.010810
338.500000  0.012853
339.000000  0.014611
339.500000  0.016105
340.000000  0.017088
340.500000  0.017618
341.000000  0.017561
341.500000  0.017107
342.000000  0.016415
342.500000  0.015556
343.000000  0.014577
343.500000  0.013542
344.000000  0.012661
344.500000  0.012156
345.000000  0.011958
345.500000  0.011888
346.000000  0.011890
346.500000  0.011992
347.000000  0.011998
347.500000  0.011973
348.000000  0.011901
348.500000  0.011842
349.000000  0.011672
349.500000  0.011462
350.000000  0.011078
350.500000  0.010491
351.000000  0.009899
351.500000  0.009264
352.000000  0.008841
352.500000  0.008571
353.000000  0.008882
353.500000  0.009723
354.000000  0.010689
354.500000  0.012005
355.000000  0.013493
355.500000  0.014929
356.000000  0.016187
356.500000  0.017428
357.000000  0.018418
357.500000  0.019052
358.000000  0.019465
358.500000  0.019675
359.000000  0.019685
359.500000  0.019458
360.000000  0.019153
360.500000  0.018911
361.000000  0.018717
361.500000  0.018504
362.000000  0.018136
362.500000  0.017630
363.000000  0.017046
363.500000  0.016476
364.000000  0.015873
364.500000  0.015197
365.000000  0.014559
365.500000  0.013859
366.000000  0.013234
366.500000  0.012619
367.000000  0.011794
367.500000  0.010780
368.000000  0.009645
368.500000  0.008425
369.000000  0.006809
369.500000  0.005271
370.000000  0.004718
370.500000  0.004584
371.000000  0.004516
371.500000  0.004464
372.000000  0.004400
372.500000  0.004316
373.000000  0.004216
373.500000  0.004124
374.000000  0.004100
374.500000  0.004187
375.000000  0.004344
375.500000  0.004531
376.000000  0.004843
376.500000  0.005514
377.000000  0.006775
377.500000  0.008668
378.000000  0.010812
378.500000  0.012853
379.000000  0.014610
379.500000  0.016108
380.000000  0.017085
380.500000  0.017617
381.000000  0.017560
381.500000  0.017106
382.000000  0.016417
382.500000  0.015555
383.000000  0.014578
383.500000  0.013544
384.000000  0.012662
384.500000  0.012155
385.000000  0.011957
385.500000  0.011888
386.000000  0.011890
386.500000  0.011993
387.000000  0.011999
387.500000  0.011971
388.000000  0.011901
388.500000  0.011844
389.000000  0.011673
389.500000  0.011462
390.000000  0.011078
390.500000  0.010492
391.000000  0.009899
391.500000  0.009264
392.000000  0.008840
392.500000  0.008571
393.000000  0.008882
393.500000  0.009723
394.000000  0.010689
394.500000  0.012005
395.000000  0.013493
395.500000  0.014931
396.000000  0.016187
396.500000  0.017429
397.000000  0.018418
397.500000  0.019051
398.000000  0.019465
398.500000  0.019674
399.000000  0.019683
399.500000  0.019458
400.000000  0.019152
400.500000  0.018911
401.000000  0.018717
401.500000  0.018504
402.000000  0.018137
402.500000  0.017630
403.000000  0.017047
403.500000  0.016477
404.000000  0.015874
404.500000  0.015195
405.000000  0.014559
405.500000  0.013859
406.000000  0.013233
406.500000  0.012619
407.000000  0.011794
407.500000  0.010782
408.000000  0.009644
408.500000  0.008425
409.000000  0.006807
409.500000  0.005272
410.000000  0.004718
410.500000  0.004582
411.000000  0.004516
411.500000  0.004464
412.000000  0.004401
412.500000  0.004315
413.000000  0.004216
413.500000  0.004124
414.000000  0.004099
414.500000  0.004189
415.000000  0.004345
415.500000  0.004530
416.000000  0.004843
416.500000  0.005513
417.000000  0.006774
417.500000  0.008668
418.000000  0.010812
418.500000  0.012852
419.000000  0.014608
419.500000  0.016107
420.000000  0.017086
420.500000  0.017618
421.000000  0.017562
421.500000  0.017108
422.000000  0.016417
422.500000  0.015554
423.000000  0.014579
423.500000  0.013543
424.000000  0.012662
424.500000  0.012155
425.000000  0.011957
425.500000  0.011888
426.000000  0.011888
426.500000  0.011992
427.000000  0.011998
427.500000  0.011972
428.000000  0.011900
428.500000  0.011842
429.000000  0.011673
429.500000  0.011462
430.000000  0.011079
430.500000  0.010492
431.000000  0.009900
431.500000  0.009264
432.000000  0.008841
432.500000  0.008571
433.000000  0.008881
433.500000  0.009723
434.000000  0.010689
434.500000  0.012005
435.000000  0.013494
435.500000  0.014929
436.000000  0.016186
436.500000  0.017429
437.000000  0.018418
437.500000  0.019052
438.000000  0.019465
438.500000  0.019676
439.000000  0.019684
439.500000  0.019458
440.000000  0.019153
440.500000  0.018912
441.000000  0.018717
441.500000  0.018503
442.000000  0.018136
442.500000  0.017630
443.000000  0.017046
443.500000  0.016476
444.000000  0.015873
444.500000  0.015197
445.000000  0.014560
445.500000  0.013860
446.000000  0.013233
446.500000  0.012619
447.000000  0.011793
447.500000  0.010780
448.000000  0.009643
448.500000  0.008425
449.000000  0.006810
449.500000  0.005272
450.000000  0.004718
450.500000  0.004583
451.000000  0.004516
451.500000  0.004465
452.000000  0.004400
452.500000  0.004315
453.000000  0.004216
453.500000  0.004124
454.000000  0.004099
454.500000  0.004188
455.000000  0.004345
455.500000  0.004530
456.000000  0.004842
456.500000  0.005513
457.000000  0.006774
457.500000  0.008670
458.000000  0.010810
458.500000  0.012853
459.000000  0.014607
459.500000  0.016106
460.000000  0.017087
460.500000  0.017619
461.000000  0.017561
461.500000  0.017106
462.000000  0.016415
462.500000  0.015556
463.000000  0.014579
463.500000  0.013543
464.000000  0.012660
464.500000  0.012155
465.000000  0.011958
465.500000  0.011888
466.000000  0.011889
466.500000  0.011992
467.000000  0.011999
467.500000  0.011972
468.000000  0.011901
468.500000  0.011843
469.000000  0.011672
469.500000  0.011463
470.000000  0.011078
470.500000  0.010491
471.000000  0.009899
471.500000  0.009264
472.000000  0.008841
472.500000  0.008571
473.000000  0.008883
473.500000  0.009723
474.000000  0.010689
474.500000  0.012006
475.000000  0.013494
475.500000  0.014929
476.000000  0.016188
476.500000  0.017429
477.000000  0.018417
477.500000  0.019051
478.000000  0.019465
478.500000  0.019676
479.000000  0.019686
479.500000  0.019457
480.000000  0.019152
480.500000  0.018911
481.000000  0.018717
481.500000  0.018506
482.000000  0.018137
482.500000  0.017630
483.000000  0.017046
483.500000  0.016476
484.000000  0.015872
484.500000  0.015198
485.000000  0.014560
485.500000  0.013861
486.000000  0.013233
486.500000  0.012617
487.000000  0.011793
487.500000  0.010780
488.000000  0.009646
488.500000  0.008426
489.000000  0.006810
489.500000  0.005271
490.000000  0.004718
490.500000  0.004583
491.000000  0.004515
491.500000  0.004464
492.000000  0.004400
492.500000  0.004315
493.000000  0.004217
493.500000  0.004124
494.000000  0.004099
494.500000  0.004188
495.000000  0.004345
495.500000  0.004531
496.000000  0.004842
496.500000  0.005513
497.000000  0.006774
497.500000  0.008669
498.000000  0.010811
498.500000  0.012853
499.000000  0.014608
499.500000  0.016106
500.000000  0.017086
500.500000  0.017619
501.000000  0.017559
501.500000  0.017107
502.000000  0.016416
502.500000  0.015557
503.000000  0.014577
503.500000  0.013542
504.000000  0.012661
504.500000  0.012156
505.000000  0.011959
505.500000  0.011889
506.000000  0.011889
506.500000  0.011993
507.000000  0.011999
507.500000  0.011972
508.000000  0.011900
508.500000  0.011843
509.000000  0.011672
509.500000  0.011462
510.000000  0.011079
510.500000  0.010492
511.000000  0.009899
511.500000  0.009264
512.000000  0.008840
512.500000  0.008571
513.000000  0.008882
513.500000  0.009724
514.000000  0.010690
514.500000  0.012005
515.000000  0.013493
515.500000  0.014930
516.000000  0.016187
516.500000  0.017428
517.000000  0.018419
517.500000  0.019052
518.000000  0.019464
518.500000  0.019673
519.000000  0.019683
519.500000  0.019459
520.000000  0.019153
520.500000  0.018911
521.000000  0.018717
521.500000  0.018504
522.000000  0.018138
522.500000  0.017631
523.000000  0.017047
523.500000  0.016476
524.000000  0.015875
524.500000  0.015196
525.000000  0.014559
525.500000  0.013860
526.000000  0.013234
526.500000  0.012619
527.000000  0.011793
527.500000  0.010781
528.000000  0.009645
528.500000  0.008425
529.000000  0.006808
529.500000  0.005272
530.000000  0.004719
530.500000  0.004582
531.000000  0.004516
531.500000  0.004464
532.000000  0.004400
532.500000  0.004316
533.000000  0.004216
533.500000  0.004124
534.000000  0.004099
534.500000  0.004189
535.000000  0.004345
535.500000  0.004529
536.000000  0.004842
536.500000  0.005513
537.000000  0.006773
537.500000  0.008668
538.000000  0.010812
538.500000  0.012853
539.000000  0.014607
539.500000  0.016107
540.000000  0.017086
540.500000  0.017618
541.000000  0.017562
541.500000  0.017106
542.000000  0.016417
542.500000  0.015556
543.000000  0.014578
543.500000  0.013543
544.000000  0.012662
544.500000  0.012156
545.000000  0.011956
545.500000  0.011888
546.000000  0.011888
546.500000  0.011993
547.000000  0.011999
547.500000  0.011972
548.000000  0.011900
548.500000  0.011842
549.000000  0.011672
549.500000  0.011462
550.000000  0.011079
550.500000  0.010492
551.000000  0.009900
551.500000  0.009263
552.000000  0.008841
552.500000  0.008571
553.000000  0.008881
553.500000  0.009723
554.000000  0.010689
554.500000  0.012006
555.000000  0.013494
555.500000  0.014930
556.000000  0.016186
556.500000  0.017429
557.000000  0.018418
557.500000  0.019052
558.000000  0.019464
558.500000  0.019675
559.000000  0.019684
559.500000  0.019457
560.000000  0.019153
560.500000  0.018913
561.000000  0.018717
561.500000  0.018503
562.000000  0.018136
562.500000  0.017630
563.000000  0.017047
563.500000  0.016476
564.000000  0.015874
564.500000  0.015197
565.000000  0.014561
565.500000  0.013861
566.000000  0.013233
566.500000  0.012619
567.000000  0.011793
567.500000  0.010780
568.000000  0.009644
568.500000  0.008425
569.000000  0.006810
569.500000  0.005273
570.000000  0.004718
570.500000  0.004584
571.000000  0.004516
571.500000  0.004465
572.000000  0.004399
572.500000  0.004315
573.000000  0.004216
573.500000  0.004123
574.000000  0.004099
574.500000  0.004187
575.000000  0.004345
575.500000  0.004531
576.000000  0.004844
576.500000  0.005514
577.000000  0.006775
577.500000  0.008670
578.000000  0.010812
578.500000  0.012853
579.000000  0.014608
579.500000  0.016105
580.000000  0.017086
580.500000  0.017619
581.000000  0.017562
581.500000  0.017105
582.000000  0.016416
582.500000  0.015556
583.000000  0.014578
583.500000  0.013542
584.000000  0.012660
584.500000  0.012156
585.000000  0.011957
585.500000  0.011888
586.000000  0.011889
586.500000  0.011992
587.000000  0.011998
587.500000  0.011971
588.000000  0.011900
588.500000  0.011844
589.000000  0.011673
589.500000  0.011461
590.000000  0.011079
590.500000  0.010490
591.000000  0.009900
591.500000  0.009264
592.000000  0.008841
592.500000  0.008571
593.000000  0.008882
593.500000  0.009723
594.000000  0.010690
594.500000  0.012006
595.000000  0.013493
595.500000  0.014930
596.000000  0.016187
596.500000  0.017430
597.000000  0.018418
597.500000  0.019051
598.000000  0.019466
598.500000  0.019676
599.000000  0.019684
599.500000  0.019459
600.000000  0.019152
600.500000  0.018911
601.000000  0.018718
601.500000  0.018505
602.000000  0.018136
602.500000  0.017631
603.000000  0.017046
603.500000  0.016476
604.000000  0.015873
604.500000  0.015199
605.000000  0.014560
605.500000  0.013861
606.000000  0.013232
606.500000  0.012617
607.000000  0.011793
607.500000  0.010781
608.000000  0.009645
608.500000  0.008426
609.000000  0.006810
609.500000  0.005272
610.000000  0.004718
610.500000  0.004583
611.000000  0.004516
611.500000  0.004464
612.000000  0.004401
612.500000  0.004315
613.000000  0.004216
613.500000  0.004124
614.000000  0.004098
614.500000  0.004188
615.000000  0.004345
615.500000  0.004530
616.000000  0.004844
616.500000  0.005514
617.000000  0.006775
617.500000  0.008669
618.000000  0.010811
618.500000  0.012852
619.000000  0.014609
619.500000  0.016106
620.000000  0.017085
620.500000  0.017618
621.000000  0.017560
621.500000  0.017107
622.000000  0.016416
622.500000  0.015556
623.000000  0.014578
623.500000  0.013542
624.000000  0.012661
624.500000  0.012154
625.000000  0.011958
625.500000  0.011889
626.000000  0.011889
626.500000  0.011993
627.000000  0.011999
627.500000  0.011971
628.000000  0.011900
628.500000  0.011843
629.000000  0.011673
629.500000  0.011462
630.000000  0.011079
630.500000  0.010491
631.000000  0.009898
631.500000  0.009264
632.000000  0.008839
632.500000  0.008570
633.000000  0.008882
633.500000  0.009723
634.000000  0.010689
634.500000  0.012006
635.000000  0.013492
635.500000  0.014931
636.000000  0.016187
636.500000  0.017428
637.000000  0.018419
637.500000  0.019052
638.000000  0.019465
638.500000  0.019674
639.000000  0.019683
639.500000  0.019458
640.000000  0.019152
640.500000  0.018911
641.000000  0.018716
641.500000  0.018504
642.000000  0.018137
642.500000  0.017630
643.000000  0.017046
643.500000  0.016476
644.000000  0.015874
644.500000  0.015197
645.000000  0.014559
645.500000  0.013859
646.000000  0.013235
646.500000  0.012619
647.000000  0.011794
647.500000  0.010780
648.000000  0.009646
648.500000  0.008424
649.000000  0.006808
649.500000  0.005272
650.000000  0.004718
650.500000  0.004583
651.000000  0.004516
651.500000  0.004465
652.000000  0.004400
652.500000  0.004317
653.000000  0.004216
653.500000  0.004124
654.000000  0.004099
654.500000  0.004188
655.000000  0.004345
655.500000  0.004530
656.000000  0.004841
656.500000  0.005514
657.000000  0.006775
657.500000  0.008669
658.000000  0.010812
658.500000  0.012854
659.000000  0.014610
659.500000  0.016108
660.000000  0.017086
660.500000  0.017618
661.000000  0.017561
661.500000  0.017106
662.000000  0.016418
662.500000  0.015557
663.000000  0.014578
663.500000  0.013544
664.000000  0.012662
664.500000  0.012156
665.000000  0.011958
665.500000  0.011888
666.000000  0.011888
666.500000  0.011993
667.000000  0.011998
667.500000  0.011972
668.000000  0.011900
668.500000  0.011842
669.000000  0.011673
669.500000  0.011462
670.000000  0.011079
670.500000  0.010492
671.000000  0.009900
671.500000  0.009263
672.000000  0.008840
672.500000  0.008570
673.000000  0.008881
673.500000  0.009723
674.000000  0.010689
674.500000  0.012007
675.000000  0.013494
675.500000  0.014930
676.000000  0.016186
676.500000  0.017429
677.000000  0.018418
677.500000  0.019052
678.000000  0.019464
678.500000  0.019674
679.000000  0.019683
679.500000  0.019459
680.000000  0.019153
680.500000  0.018911
681.000000  0.018716
681.500000  0.018502
682.000000  0.018136
682.500000  0.017632
683.000000  0.017048
683.500000  0.016476
684.000000  0.015874
684.500000  0.015196
685.000000  0.014559
685.500000  0.013860
686.000000  0.013234
686.500000  0.012618
687.000000  0.011793
687.500000  0.010781
688.000000  0.009644
688.500000  0.008425
689.000000  0.006810
689.500000  0.005273
690.000000  0.004718
690.500000  0.004583
691.000000  0.004516
691.500000  0.004465
692.000000  0.004399
692.500000  0.004315
693.000000  0.004215
693.500000  0.004124
694.000000  0.004099
694.500000  0.004188
695.000000  0.004344
695.500000  0.004531
696.000000  0.004842
696.500000  0.005513
697.000000  0.006774
697.500000  0.008669
698.000000  0.010812
698.500000  0.012852
699.000000  0.014608
699.500000  0.016107
700.000000  0.017087
700.500000  0.017618
701.000000  0.017562
701.500000  0.017105
702.000000  0.016417
702.500000  0.015558
703.000000  0.014578
703.500000  0.013542
704.000000  0.012658
704.500000  0.012155
705.000000  0.011958
705.500000  0.011888
706.000000  0.011889
706.500000  0.011992
707.000000  0.011998
707.500000  0.011971
708.000000  0.011900
708.500000  0.011843
709.000000  0.011672
709.500000  0.011461
710.000000  0.011077
710.500000  0.010491
711.000000  0.009899
711.500000  0.009264
712.000000  0.008841
712.500000  0.008571
713.000000  0.008881
713.500000  0.009723
714.000000  0.010690
714.500000  0.012005
715.000000  0.013492
715.500000  0.014930
716.000000  0.016187
716.500000  0.017430
717.000000  0.018417
717.500000  0.019052
718.000000  0.019465
718.500000  0.019675
719.000000  0.019684
719.500000  0.019458
720.000000  0.019153
720.500000  0.018912
721.000000  0.018719
721.500000  0.018505
722.000000  0.018135
722.500000  0.017630
723.000000  0.017047
723.500000  0.016476
724.000000  0.015873
724.500000  0.015199
725.000000  0.014560
725.500000  0.013860
726.000000  0.013233
726.500000  0.012619
727.000000  0.011794
727.500000  0.010779
728.000000  0.009646
728.500000  0.008425
729.000000  0.006810
729.500000  0.005273
730.000000  0.004718
730.500000  0.004583
731.000000  0.004516
731.500000  0.004464
732.000000  0.004400
732.500000  0.004315
733.000000  0.004217
733.500000  0.004123
734.000000  0.004099
734.500000  0.004189
735.000000  0.004344
735.500000  0.004529
736.000000  0.004843
736.500000  0.005513
737.000000  0.006774
737.500000  0.008669
738.000000  0.010810
738.500000  0.012853
739.000000  0.014610
739.500000  0.016106
740.000000  0.017086
740.500000  0.017618
741.000000  0.017559
741.500000  0.017108
742.000000  0.016415
742.500000  0.015556
743.000000  0.014578
743.500000  0.013543
744.000000  0.012660
744.500000  0.012155
745.000000  0.011959
745.500000  0.011889
746.000000  0.011888
746.500000  0.011993
747.000000  0.011999
747.500000  0.011971
748.000000  0.011900
748.500000  0.011842
749.000000  0.011672
749.500000  0.011462
750.000000  0.011078
750.500000  0.010491
751.000000  0.009899
751.500000  0.009263
752.000000  0.008840
752.500000  0.008571
753.000000  0.008881
753.500000  0.009723
754.000000  0.010689
754.500000  0.012006
755.000000  0.013492
755.500000  0.014930
756.000000  0.016187
756.500000  0.017428
757.000000  0.018419
757.500000  0.019051
758.000000  0.019464
758.500000  0.019674
759.000000  0.019683
759.500000  0.019458
760.000000  0.019151
760.500000  0.018911
761.000000  0.018717
761.500000  0.018503
762.000000  0.018137
762.500000  0.017631
763.000000  0.017045
763.500000  0.016476
764.000000  0.015873
764.500000  0.015197
765.000000  0.014560
765.500000  0.013859
766.000000  0.013232
766.500000  0.012619
767.000000  0.011795
767.500000  0.010780
768.000000  0.009646
768.500000  0.008425
769.000000  0.006808
769.500000  0.005273
770.000000  0.004718
770.500000  0.004583
771.000000  0.004516
771.500000  0.004464
772.000000  0.004401
772.500000  0.004316
773.000000  0.004217
773.500000  0.004124
774.000000  0.004099
774.500000  0.004188
775.000000  0.004345
775.500000  0.004530
776.000000  0.004841
776.500000  0.005513
777.000000  0.006774
777.500000  0.008670
778.000000  0.010812
778.500000  0.012853
779.000000  0.014610
779.500000  0.016107
780.000000  0.017086
780.500000  0.017618
781.000000  0.017561
781.500000  0.017106
782.000000  0.016416
782.500000  0.015557
783.000000  0.014579
783.500000  0.013542
784.000000  0.012661
784.500000  0.012155
785.000000  0.011958
785.500000  0.011887
786.000000  0.011888
786.500000  0.011993
787.000000  0.011998
787.500000  0.011972
788.000000  0.011900
788.500000  0.011842
789.000000  0.011672
789.500000  0.011462
790.000000  0.011079
790.500000  0.010492
791.000000  0.009900
791.500000  0.009264
792.000000  0.008841
792.500000  0.008571
793.000000  0.008883
793.500000  0.009723
794.000000  0.010689
794.500000  0.012006
795.000000  0.013492
795.500000  0.014931
796.000000  0.016186
796.500000  0.017428
797.000000  0.018416
797.500000  0.019052
798.000000  0.019464
798.500000  0.019674
799.000000  0.019684
799.500000  0.019458
800.000000  0.019153
800.500000  0.018913
801.000000  0.018716
801.500000  0.018502
802.000000  0.018135
802.500000  0.017631
803.000000  0.017047
803.500000  0.016475
804.000000  0.015872
804.500000  0.015197
805.000000  0.014559
805.500000  0.013859
806.000000  0.013233
806.500000  0.012618
807.000000  0.011793
807.500000  0.010782
808.000000  0.009645
808.500000  0.008426
809.000000  0.006811
809.500000  0.005273
810.000000  0.004718
810.500000  0.004583
811.000000  0.004515
811.500000  0.004465
812.000000  0.004398
812.500000  0.004315
813.000000  0.004216
813.500000  0.004124
814.000000  0.004099
814.500000  0.004188
815.000000  0.004344
815.500000  0.004529
816.000000  0.004843
816.500000  0.005513
817.000000  0.006773
817.500000  0.008668
818.000000  0.010811
818.500000  0.012854
819.000000  0.014606
819.500000  0.016106
820.000000  0.017086
820.500000  0.017618
821.000000  0.017561
821.500000  0.017105
822.000000  0.016416
822.500000  0.015558
823.000000  0.014579
823.500000  0.013542
824.000000  0.012661
824.500000  0.012155
825.000000  0.011958
825.500000  0.011888
826.000000  0.011888
826.500000  0.011992
827.000000  0.011999
827.500000  0.011972
828.000000  0.011901
828.500000  0.011843
829.000000  0.011673
829.500000  0.011462
830.000000  0.011077
830.500000  0.010491
831.000000  0.009899
831.500000  0.009264
832.000000  0.008841
832.500000  0.008571
833.000000  0.008881
833.500000  0.009722
834.000000  0.010690
834.500000  0.012004
835.000000  0.013493
835.500000  0.014929
836.000000  0.016188
836.500000  0.017428
837.000000  0.018419
837.500000  0.019052
838.000000  0.019464
838.500000  0.019674
839.000000  0.019684
839.500000  0.019458
840.000000  0.019155
840.500000  0.018911
841.000000  0.018717
841.500000  0.018505
842.000000  0.018136
842.500000  0.017630
843.000000  0.017048
843.500000  0.016476
844.000000  0.015873
844.500000  0.015196
845.000000  0.014559
845.500000  0.013860
846.000000  0.013235
846.500000  0.012619
847.000000  0.011793
847.500000  0.010781
848.000000  0.009645
848.500000  0.008424
849.000000  0.006810
849.500000  0.005272
850.000000  0.004719
850.500000  0.004584
851.000000  0.004516
851.500000  0.004464
852.000000  0.004401
852.500000  0.004315
853.000000  0.004216
853.500000  0.004124
854.000000  0.004099
854.500000  0.004188
855.000000  0.004344
855.500000  0.004529
856.000000  0.004842
856.500000  0.005512
857.000000  0.006774
857.500000  0.008669
858.000000  0.010811
858.500000  0.012854
859.000000  0.014608
859.500000  0.016107
860.000000  0.017084
860.500000  0.017618
861.000000  0.017560
861.500000  0.017108
862.000000  0.016415
862.500000  0.015556
863.000000  0.014579
863.500000  0.013543
864.000000  0.012662
864.500000  0.012155
865.000000  0.011958
865.500000  0.011889
866.000000  0.011887
866.500000  0.011992
867.000000  0.011999
867.500000  0.011971
868.000000  0.011900
868.500000  0.011843
869.000000  0.011672
869.500000  0.011462
870.000000  0.011077
870.500000  0.010491
871.000000  0.009900
871.500000  0.009264
872.000000  0.008841
872.500000  0.008571
873.000000  0.008881
873.500000  0.009723
874.000000  0.010690
874.500000  0.012003
875.000000  0.013492
875.500000  0.014929
876.000000  0.016187
876.500000  0.017429
877.000000  0.018418
877.500000  0.019052
878.000000  0.019465
878.500000  0.019674
879.000000  0.019683
879.500000  0.019457
880.000000  0.019153
880.500000  0.018912
881.000000  0.018717
881.500000  0.018505
882.000000  0.018137
882.500000  0.017631
883.000000  0.017046
883.500000  0.016477
884.000000  0.015873
884.500000  0.015197
885.000000  0.014559
885.500000  0.013860
886.000000  0.013232
886.500000  0.012619
887.000000  0.011794
887.500000  0.010781
888.000000  0.009644
888.500000  0.008424
889.000000  0.006808
889.500000  0.005273
890.000000  0.004718
890.500000  0.004584
891.000000  0.004516
891.500000  0.004464
892.000000  0.004400
892.500000  0.004316
893.000000  0.004217
893.500000  0.004125
894.000000  0.004100
894.500000  0.004189
895.000000  0.004345
895.500000  0.004530
896.000000  0.004843
896.500000  0.005514
897.000000  0.006773
897.500000  0.008669
898.000000  0.010811
898.500000  0.012851
899.000000  0.014609
899.500000  0.016109
900.000000  0.017086
900.500000  0.017619
901.000000  0.017561
901.500000  0.017107
902.000000  0.016417
902.500000  0.015556
903.000000  0.014577
903.500000  0.013543
904.000000  0.012660
904.500000  0.012156
905.000000  0.011958
905.500000  0.011887
906.000000  0.011889
906.500000  0.011992
907.000000  0.011998
907.500000  0.011972
908.000000  0.011900
908.500000  0.011842
909.000000  0.011673
909.500000  0.011463
910.000000  0.011078
910.500000  0.010491
911.000000  0.009900
911.500000  0.009264
912.000000  0.008841
912.500000  0.008569
913.000000  0.008882
913.500000  0.009723
914.000000  0.010689
914.500000  0.012005
915.000000  0.013493
915.500000  0.014930
916.000000  0.016186
916.500000  0.017428
917.000000  0.018418
917.500000  0.019051
918.000000  0.019465
918.500000  0.019674
919.000000  0.019683
919.500000  0.019458
920.000000  0.019153
920.500000  0.018912
921.000000  0.018718
921.500000  0.018502
922.000000  0.018135
922.500000  0.017630
923.000000  0.017046
923.500000  0.016476
924.000000  0.015873
924.500000  0.015198
925.000000  0.014559
925.500000  0.013861
926.000000  0.013232
926.500000  0.012618
927.000000  0.011793
927.500000  0.010782
928.000000  0.009644
928.500000  0.008426
929.000000  0.006806
929.500000  0.005272
930.000000  0.004719
930.500000  0.004583
931.000000  0.004515
931.500000  0.004465
932.000000  0.004399
932.500000  0.004315
933.000000  0.004216
933.500000  0.004124
934.000000  0.004100
934.500000  0.004187
935.000000  0.004345
935.500000  0.004530
936.000000  0.004843
936.500000  0.005513
937.000000  0.006776
937.500000  0.008670
938.000000  0.010813
938.500000  0.012853
939.000000  0.014608
939.500000  0.016109
940.000000  0.017087
940.500000  0.017619
941.000000  0.017561
941.500000  0.017105
942.000000  0.016415
942.500000  0.015556
943.000000  0.014578
943.500000  0.013542
944.000000  0.012659
944.500000  0.012155
945.000000  0.011958
945.500000  0.011888
946.000000  0.011889
946.500000  0.011993
947.000000  0.011998
947.500000  0.011972
948.000000  0.011900
948.500000  0.011844
949.000000  0.011673
949.500000  0.011463
950.000000  0.011078
950.500000  0.010492
951.000000  0.009899
951.500000  0.009263
952.000000  0.008840
952.500000  0.008570
953.000000  0.008882
953.500000  0.009723
954.000000  0.010690
954.500000  0.012005
955.000000  0.013492
955.500000  0.014929
956.000000  0.016185
956.500000  0.017429
957.000000  0.018418
957.500000  0.019052
958.000000  0.019466
958.500000  0.019674
959.000000  0.019683
959.500000  0.019457
960.000000  0.019153
960.500000  0.018910
961.000000  0.018717
961.500000  0.018504
962.000000  0.018136
962.500000  0.017630
963.000000  0.017046
963.500000  0.016476
964.000000  0.015872
964.500000  0.015199
965.000000  0.014560
965.500000  0.013860
966.000000  0.013234
966.500000  0.012618
967.000000  0.011793
967.500000  0.010780
968.000000  0.009645
968.500000  0.008425
969.000000  0.006807
969.500000  0.005272
970.000000  0.004719
970.500000  0.004584
971.000000  0.004515
971.500000  0.004465
972.000000  0.004399
972.500000  0.004314
973.000000  0.004216
973.500000  0.004123
974.000000  0.004099
974.500000  0.004187
975.000000  0.004344
975.500000  0.004530
976.000000  0.004842
976.500000  0.005513
977.000000  0.006774
977.500000  0.008668
978.000000  0.010810
978.500000  0.012854
979.000000  0.014609
979.500000  0.016109
980.000000  0.017088
980.500000  0.017619
981.000000  0.017559
981.500000  0.017107
982.000000  0.016418
982.500000  0.015554
983.000000  0.014580
983.500000  0.013543
984.000000  0.012661
984.500000  0.012155
985.000000  0.011956
985.500000  0.011888
986.000000  0.011889
986.500000  0.011993
987.000000  0.011998
987.500000  0.011972
988.000000  0.011900
988.500000  0.011843
989.000000  0.011672
989.500000  0.011462
990.000000  0.011079
990.500000  0.010492
991.000000  0.009900
991.500000  0.009263
992.000000  0.008841
992.500000  0.008571
993.000000  0.008882
993.500000  0.009723
994.000000  0.010689
994.500000  0.012005
995.000000  0.013494
995.500000  0.014930
996.000000  0.016186
996.500000  0.017428
997.000000  0.018418
997.500000  0.019051
998.000000  0.019464
998.500000  0.019673
999.000000  0.019683
999.500000  0.019459
1000.000000  0.019152
