0.000000  0.056747
1.000000  0.056701
2.000000  0.056668
3.000000  0.056624
4.000000  0.056570
5.000000  0.056534
6.000000  0.056486
7.000000  0.056429
8.000000  0.056378
9.000000  0.056335
10.000000  0.056281
11.000000  0.056240
12.000000  0.056188
13.000000  0.056158
14.000000  0.056115
15.000000  0.056070
16.000000  0.056011
17.000000  0.055978
18.000000  0.055939
19.000000  0.055896
20.000000  0.055859
21.000000  0.055801
22.000000  0.055773
23.000000  0.055730
24.000000  0.055678
25.000000  0.055635
26.000000  0.055626
27.000000  0.055572
28.000000  0.055524
29.000000  0.055474
30.000000  0.055434
31.000000  0.055409
32.000000  0.055371
33.000000  0.055339
34.000000  0.055292
35.000000  0.055246
36.000000  0.055211
37.000000  0.055175
38.000000  0.055131
39.000000  0.055106
40.000000  0.055071
41.000000  0.055042
42.000000  0.055002
43.000000  0.054963
44.000000  0.054935
45.000000  0.054911
46.000000  0.054857
47.000000  0.054821
48.000000  0.054795
49.000000  0.054785
50.000000  0.054768
51.000000  0.054726
52.000000  0.054678
53.000000  0.054658
54.000000  0.054641
55.000000  0.054624
56.000000  0.054602
57.000000  0.054592
58.000000  0.054561
59.000000  0.054546
60.000000  0.054529
61.000000  0.054510
62.000000  0.054479
63.000000  0.054459
64.000000  0.054453
65.000000  0.054449
66.000000  0.054434
67.000000  0.054425
68.000000  0.054407
69.000000  0.054398
70.000000  0.054413
71.000000  0.054407
72.000000  0.054398
73.000000  0.054406
74.000000  0.054408
75.000000  0.054426
76.000000  0.054432
77.000000  0.054441
78.000000  0.054462
79.000000  0.054463
80.000000  0.054465
81.000000  0.054492
82.000000  0.054519
83.000000  0.054532
84.000000  0.054546
85.000000  0.054580
86.000000  0.054622
87.000000  0.054620
88.000000  0.054657
89.000000  0.054675
90.000000  0.054713
91.000000  0.054740
92.000000  0.054767
93.000000  0.054791
94.000000  0.054816
95.000000  0.054854
96.000000  0.054899
97.000000  0.054939
98.000000  0.054963
99.000000  0.054994
100.000000  0.055033
101.000000  0.055076
102.000000  0.055121
103.000000  0.055172
104.000000  0.055212
105.000000  0.055250
106.000000  0.055310
107.000000  0.055363
108.000000  0.055404
109.000000  0.055446
110.000000  0.055492
111.000000  0.055565
112.000000  0.055601
113.000000  0.055648
114.000000  0.055702
115.000000  0.055736
116.000000  0.055811
117.000000  0.055866
118.000000  0.055925
119.000000  0.055983
120.000000  0.056046
121.000000  0.056100
122.000000  0.056166
123.000000  0.056239
124.000000  0.056310
125.000000  0.056341
126.000000  0.056417
127.000000  0.056465
128.000000  0.056546
129.000000  0.056612
130.000000  0.056665
131.000000  0.056740
132.000000  0.056823
133.000000  0.056871
134.000000  0.056945
135.000000  0.057022
136.000000  0.057091
137.000000  0.057118
138.000000  0.057184
139.000000  0.057253
140.000000  0.057333
141.000000  0.057401
142.000000  0.057465
143.000000  0.057529
144.000000  0.057603
145.000000  0.057674
146.000000  0.057730
147.000000  0.057794
148.000000  0.057850
149.000000  0.057912
150.000000  0.057989
151.000000  0.058063
152.000000  0.058124
153.000000  0.058191
154.000000  0.058256
155.000000  0.058328
156.000000  0.058396
157.000000  0.058473
158.000000  0.058523
159.000000  0.058576
160.000000  0.058651
161.000000  0.058703
162.000000  0.058755
163.000000  0.058811
164.000000  0.058882
165.000000  0.058949
166.000000  0.058991
167.000000  0.059036
168.000000  0.059096
169.000000  0.059147
170.000000  0.059209
171.000000  0.059248
172.000000  0.059305
173.000000  0.059340
174.000000  0.059398
175.000000  0.059431
176.000000  0.059482
177.000000  0.059533
178.000000  0.059546
179.000000  0.059592
180.000000  0.059639
181.000000  0.059678
182.000000  0.059704
183.000000  0.059754
184.000000  0.059791
185.000000  0.059828
186.000000  0.059855
187.000000  0.059897
188.000000  0.059931
189.000000  0.059960
190.000000  0.059993
191.000000  0.060000
192.000000  0.060055
193.000000  0.060069
194.000000  0.060087
195.000000  0.060094
196.000000  0.060108
197.000000  0.060124
198.000000  0.060140
199.000000  0.060137
200.000000  0.060136
201.000000  0.060147
202.000000  0.060148
203.000000  0.060155
204.000000  0.060130
205.000000  0.060125
206.000000  0.060130
207.000000  0.060136
208.000000  0.060102
209.000000  0.060081
210.000000  0.060053
211.000000  0.060038
212.000000  0.060022
213.000000  0.060001
214.000000  0.059978
215.000000  0.059957
216.000000  0.059934
217.000000  0.059895
218.000000  0.059855
219.000000  0.059828
220.000000  0.059796
221.000000  0.059762
222.000000  0.059714
223.000000  0.059675
224.000000  0.059645
225.000000  0.059604
226.000000  0.059562
227.000000  0.059495
228.000000  0.059451
229.000000  0.059413
230.000000  0.059398
231.000000  0.059357
232.000000  0.059299
233.000000  0.059272
234.000000  0.059224
235.000000  0.059190
236.000000  0.059137
237.000000  0.059111
238.000000  0.059057
239.000000  0.059027
240.000000  0.058947
241.000000  0.058900
242.000000  0.058863
243.000000  0.058809
244.000000  0.058764
245.000000  0.058704
246.000000  0.058659
247.000000  0.058604
248.000000  0.058571
249.000000  0.058499
250.000000  0.058455
251.000000  0.058391
252.000000  0.058324
253.000000  0.058283
254.000000  0.058216
255.000000  0.058176
256.000000  0.058107
257.000000  0.058063
258.000000  0.058012
259.000000  0.057932
260.000000  0.057885
261.000000  0.057815
262.000000  0.057748
263.000000  0.057684
264.000000  0.057612
265.000000  0.057544
266.000000  0.057493
267.000000  0.057428
268.000000  0.057380
269.000000  0.057298
270.000000  0.057252
271.000000  0.057194
272.000000  0.057115
273.000000  0.057048
274.000000  0.056982
275.000000  0.056934
276.000000  0.056871
277.000000  0.056793
278.000000  0.056710
279.000000  0.056663
280.000000  0.056599
281.000000  0.056534
282.000000  0.056490
283.000000  0.056419
284.000000  0.056359
285.000000  0.056269
286.000000  0.056214
287.000000  0.056163
288.000000  0.056113
289.000000  0.056050
290.000000  0.055985
291.000000  0.055932
292.000000  0.055880
293.000000  0.055808
294.000000  0.055743
295.000000  0.055696
296.000000  0.055622
297.000000  0.055578
298.000000  0.055508
299.000000  0.055435
300.000000  0.055382
301.000000  0.055330
302.000000  0.055265
303.000000  0.055199
304.000000  0.055143
305.000000  0.055098
306.000000  0.055020
307.000000  0.054969
308.000000  0.054912
309.000000  0.054861
310.000000  0.054802
311.000000  0.054730
312.000000  0.054688
313.000000  0.054628
314.000000  0.054584
315.000000  0.054538
316.000000  0.054492
317.000000  0.054414
318.000000  0.054361
319.000000  0.054332
320.000000  0.054263
321.000000  0.054240
322.000000  0.054193
323.000000  0.054148
324.000000  0.054096
325.000000  0.054079
326.000000  0.054037
327.000000  0.054006
328.000000  0.053974
329.000000  0.053935
330.000000  0.053917
331.000000  0.053889
332.000000  0.053866
333.000000  0.053830
334.000000  0.053805
335.000000  0.053794
336.000000  0.053774
337.000000  0.053726
338.000000  0.053700
339.000000  0.053689
340.000000  0.053676
341.000000  0.053641
342.000000  0.053618
343.000000  0.053597
344.000000  0.053599
345.000000  0.053585
346.000000  0.053580
347.000000  0.053567
348.000000  0.053551
349.000000  0.053549
350.000000  0.053533
351.000000  0.053528
352.000000  0.053511
353.000000  0.053529
354.000000  0.053552
355.000000  0.053547
356.000000  0.053537
357.000000  0.053541
358.000000  0.053563
359.000000  0.053599
360.000000  0.053621
361.000000  0.053619
362.000000  0.053652
363.000000  0.053689
364.000000  0.053700
365.000000  0.053716
366.000000  0.053727
367.000000  0.053764
368.000000  0.053792
369.000000  0.053833
370.000000  0.053857
371.000000  0.053872
372.000000  0.053918
373.000000  0.053955
374.000000  0.053993
375.000000  0.054008
376.000000  0.054037
377.000000  0.054062
378.000000  0.054112
379.000000  0.054159
380.000000  0.054181
381.000000  0.054235
382.000000  0.054306
383.000000  0.054327
384.000000  0.054366
385.000000  0.054421
386.000000  0.054475
387.000000  0.054528
388.000000  0.054572
389.000000  0.054608
390.000000  0.054658
391.000000  0.054714
392.000000  0.054761
393.000000  0.054822
394.000000  0.054873
395.000000  0.054943
396.000000  0.054997
397.000000  0.055055
398.000000  0.055105
399.000000  0.055177
400.000000  0.055235
401.000000  0.055277
402.000000  0.055341
403.000000  0.055442
404.000000  0.055524
405.000000  0.055575
406.000000  0.055643
407.000000  0.055721
408.000000  0.055799
409.000000  0.055871
410.000000  0.055945
411.000000  0.056002
412.000000  0.056081
413.000000  0.056156
414.000000  0.056234
415.000000  0.056289
416.000000  0.056362
417.000000  0.056432
418.000000  0.056489
419.000000  0.056573
420.000000  0.056621
421.000000  0.056695
422.000000  0.056751
423.000000  0.056800
424.000000  0.056895
425.000000  0.056951
426.000000  0.057022
427.000000  0.057068
428.000000  0.057138
429.000000  0.057212
430.000000  0.057279
431.000000  0.057332
432.000000  0.057401
433.000000  0.057471
434.000000  0.057509
435.000000  0.057581
436.000000  0.057655
437.000000  0.057701
438.000000  0.057744
439.000000  0.057788
440.000000  0.057870
441.000000  0.057931
442.000000  0.057954
443.000000  0.058020
444.000000  0.058083
445.000000  0.058120
446.000000  0.058163
447.000000  0.058225
448.000000  0.058251
449.000000  0.058297
450.000000  0.058343
451.000000  0.058374
452.000000  0.058406
453.000000  0.058441
454.000000  0.058463
455.000000  0.058506
456.000000  0.058540
457.000000  0.058560
458.000000  0.058589
459.000000  0.058624
460.000000  0.058630
461.000000  0.058650
462.000000  0.058674
463.000000  0.058701
464.000000  0.058707
465.000000  0.058720
466.000000  0.058732
467.000000  0.058739
468.000000  0.058754
469.000000  0.058770
470.000000  0.058759
471.000000  0.058778
472.000000  0.058772
473.000000  0.058784
474.000000  0.058782
475.000000  0.058758
476.000000  0.058763
477.000000  0.058775
478.000000  0.058772
479.000000  0.058752
480.000000  0.058742
481.000000  0.058760
482.000000  0.058736
483.000000  0.058738
484.000000  0.058734
485.000000  0.058717
486.000000  0.058710
487.000000  0.058686
488.000000  0.058666
489.000000  0.058661
490.000000  0.058660
491.000000  0.058624
492.000000  0.058606
493.000000  0.058600
494.000000  0.058572
495.000000  0.058545
496.000000  0.058523
497.000000  0.058487
498.000000  0.058479
499.000000  0.058466
500.000000  0.058444
501.000000  0.058401
502.000000  0.058376
503.000000  0.058345
504.000000  0.058310
505.000000  0.058277
506.000000  0.058245
507.000000  0.058215
508.000000  0.058167
509.000000  0.058124
510.000000  0.058105
511.000000  0.058084
512.000000  0.058043
513.000000  0.058010
514.000000  0.057973
515.000000  0.057931
516.000000  0.057873
517.000000  0.057848
518.000000  0.057808
519.000000  0.057774
520.000000  0.057735
521.000000  0.057673
522.000000  0.057646
523.000000  0.057589
524.000000  0.057554
525.000000  0.057511
526.000000  0.057468
527.000000  0.057412
528.000000  0.057375
529.000000  0.057325
530.000000  0.057282
531.000000  0.057227
532.000000  0.057185
533.000000  0.057141
534.000000  0.057110
535.000000  0.057047
536.000000  0.056978
537.000000  0.056951
538.000000  0.056901
539.000000  0.056869
540.000000  0.056812
541.000000  0.056744
542.000000  0.056714
543.000000  0.056685
544.000000  0.056621
545.000000  0.056590
546.000000  0.056547
547.000000  0.056501
548.000000  0.056461
549.000000  0.056419
550.000000  0.056348
551.000000  0.056306
552.000000  0.056263
553.000000  0.056237
554.000000  0.056190
555.000000  0.056142
556.000000  0.056085
557.000000  0.056029
558.000000  0.055997
559.000000  0.055952
560.000000  0.055919
561.000000  0.055866
562.000000  0.055810
563.000000  0.055779
564.000000  0.055745
565.000000  0.055688
566.000000  0.055661
567.000000  0.055614
568.000000  0.055581
569.000000  0.055512
570.000000  0.055480
571.000000  0.055448
572.000000  0.055406
573.000000  0.055363
574.000000  0.055334
575.000000  0.055308
576.000000  0.055267
577.000000  0.055219
578.000000  0.055178
579.000000  0.055147
580.000000  0.055124
581.000000  0.055087
582.000000  0.055053
583.000000  0.055017
584.000000  0.054993
585.000000  0.054945
586.000000  0.054919
587.000000  0.054876
588.000000  0.054837
589.000000  0.054815
590.000000  0.054775
591.000000  0.054750
592.000000  0.054725
593.000000  0.054675
594.000000  0.054646
595.000000  0.054606
596.000000  0.054587
597.000000  0.054556
598.000000  0.054561
599.000000  0.054500
600.000000  0.054468
601.000000  0.054444
602.000000  0.054410
603.000000  0.054398
604.000000  0.054367
605.000000  0.054343
606.000000  0.054318
607.000000  0.054274
608.000000  0.054245
609.000000  0.054229
610.000000  0.054208
611.000000  0.054185
612.000000  0.054181
613.000000  0.054173
614.000000  0.054173
615.000000  0.054148
616.000000  0.054142
617.000000  0.054130
618.000000  0.054123
619.000000  0.054125
620.000000  0.054129
621.000000  0.054122
622.000000  0.054137
623.000000  0.054136
624.000000  0.054133
625.000000  0.054154
626.000000  0.054148
627.000000  0.054160
628.000000  0.054144
629.000000  0.054158
630.000000  0.054161
631.000000  0.054150
632.000000  0.054174
633.000000  0.054169
634.000000  0.054162
635.000000  0.054183
636.000000  0.054173
637.000000  0.054177
638.000000  0.054182
639.000000  0.054197
640.000000  0.054217
641.000000  0.054213
642.000000  0.054231
643.000000  0.054233
644.000000  0.054230
645.000000  0.054239
646.000000  0.054247
647.000000  0.054242
648.000000  0.054256
649.000000  0.054259
650.000000  0.054276
651.000000  0.054311
652.000000  0.054319
653.000000  0.054320
654.000000  0.054331
655.000000  0.054335
656.000000  0.054363
657.000000  0.054359
658.000000  0.054396
659.000000  0.054400
660.000000  0.054413
661.000000  0.054425
662.000000  0.054433
663.000000  0.054451
664.000000  0.054482
665.000000  0.054502
666.000000  0.054516
667.000000  0.054542
668.000000  0.054561
669.000000  0.054567
670.000000  0.054578
671.000000  0.054625
672.000000  0.054623
673.000000  0.054649
674.000000  0.054671
675.000000  0.054704
676.000000  0.054729
677.000000  0.054762
678.000000  0.054786
679.000000  0.054808
680.000000  0.054837
681.000000  0.054861
682.000000  0.054905
683.000000  0.054909
684.000000  0.054942
685.000000  0.054963
686.000000  0.054992
687.000000  0.055018
688.000000  0.055035
689.000000  0.055070
690.000000  0.055082
691.000000  0.055127
692.000000  0.055163
693.000000  0.055176
694.000000  0.055212
695.000000  0.055235
696.000000  0.055265
697.000000  0.055296
698.000000  0.055318
699.000000  0.055340
700.000000  0.055364
701.000000  0.055397
702.000000  0.055451
703.000000  0.055467
704.000000  0.055511
705.000000  0.055557
706.000000  0.055575
707.000000  0.055625
708.000000  0.055672
709.000000  0.055701
710.000000  0.055760
711.000000  0.055783
712.000000  0.055848
713.000000  0.055888
714.000000  0.055939
715.000000  0.055981
716.000000  0.056015
717.000000  0.056060
718.000000  0.056104
719.000000  0.056142
720.000000  0.056206
721.000000  0.056243
722.000000  0.056284
723.000000  0.056348
724.000000  0.056390
725.000000  0.056421
726.000000  0.056454
727.000000  0.056488
728.000000  0.056535
729.000000  0.056588
730.000000  0.056616
731.000000  0.056656
732.000000  0.056700
733.000000  0.056749
734.000000  0.056774
735.000000  0.056827
736.000000  0.056862
737.000000  0.056893
738.000000  0.056941
739.000000  0.056986
740.000000  0.057023
741.000000  0.057048
742.000000  0.057078
743.000000  0.057114
744.000000  0.057142
745.000000  0.057163
746.000000  0.057194
747.000000  0.057224
748.000000  0.057258
749.000000  0.057282
750.000000  0.057309
751.000000  0.057336
752.000000  0.057373
753.000000  0.057400
754.000000  0.057404
755.000000  0.057436
756.000000  0.057438
757.000000  0.057437
758.000000  0.057476
759.000000  0.057485
760.000000  0.057492
761.000000  0.057500
762.000000  0.057511
763.000000  0.057512
764.000000  0.057537
765.000000  0.057537
766.000000  0.057534
767.000000  0.057522
768.000000  0.057534
769.000000  0.057525
770.000000  0.057518
771.000000  0.057528
772.000000  0.057522
773.000000  0.057515
774.000000  0.057534
775.000000  0.057500
776.000000  0.057466
777.000000  0.057466
778.000000  0.057457
779.000000  0.057442
780.000000  0.057436
781.000000  0.057409
782.000000  0.057375
783.000000  0.057349
784.000000  0.057324
785.000000  0.057297
786.000000  0.057277
787.000000  0.057248
788.000000  0.057224
789.000000  0.057189
790.000000  0.057155
791.000000  0.057117
792.000000  0.057082
793.000000  0.057045
794.000000  0.057007
795.000000  0.056977
796.000000  0.056926
797.000000  0.056889
798.000000  0.056854
799.000000  0.056803
800.000000  0.056746
801.000000  0.056701
802.000000  0.056669
803.000000  0.056625
804.000000  0.056570
805.000000  0.056537
806.000000  0.056485
807.000000  0.056427
808.000000  0.056377
809.000000  0.056336
810.000000  0.056281
811.000000  0.056238
812.000000  0.056186
813.000000  0.056157
814.000000  0.056116
815.000000  0.056070
816.000000  0.056009
817.000000  0.055978
818.000000  0.055939
819.000000  0.055897
820.000000  0.055859
821.000000  0.055799
822.000000  0.055774
823.000000  0.055730
824.000000  0.055679
825.000000  0.055635
826.000000  0.055626
827.000000  0.055576
828.000000  0.055526
829.000000  0.055474
830.000000  0.055434
831.000000  0.055409
832.000000  0.055370
833.000000  0.055339
834.000000  0.055292
835.000000  0.055245
836.000000  0.055211
837.000000  0.055177
838.000000  0.055130
839.000000  0.055107
840.000000  0.055074
841.000000  0.055043
842.000000  0.055002
843.000000  0.054964
844.000000  0.054934
845.000000  0.054909
846.000000  0.054859
847.000000  0.054821
848.000000  0.054794
849.000000  0.054786
850.000000  0.054767
851.000000  0.054727
852.000000  0.054678
853.000000  0.054656
854.000000  0.054644
855.000000  0.054623
856.000000  0.054601
857.000000  0.054593
858.000000  0.054560
859.000000  0.054544
860.000000  0.054529
861.000000  0.054510
862.000000  0.054480
863.000000  0.054459
864.000000  0.054453
865.000000  0.054450
866.000000  0.054435
867.000000  0.054423
868.000000  0.054408
869.000000  0.054398
870.000000  0.054414
871.000000  0.054407
872.000000  0.054399
873.000000  0.054403
874.000000  0.054408
875.000000  0.054427
876.000000  0.054432
877.000000  0.054440
878.000000  0.054462
879.000000  0.054465
880.000000  0.054467
881.000000  0.054492
882.000000  0.054519
883.000000  0.054533
884.000000  0.054546
885.000000  0.054578
886.000000  0.054620
887.000000  0.054622
888.000000  0.054658
889.000000  0.054674
890.000000  0.054714
891.000000  0.054738
892.000000  0.054768
893.000000  0.054791
894.000000  0.054816
895.000000  0.054855
896.000000  0.054900
897.000000  0.054939
898.000000  0.054963
899.000000  0.054993
900.000000  0.055033
901.000000  0.055075
902.000000  0.055121
903.000000  0.055171
904.000000  0.055211
905.000000  0.055251
906.000000  0.055310
907.000000  0.055363
908.000000  0.055404
909.000000  0.055447
910.000000  0.055491
911.000000  0.055562
912.000000  0.055600
913.000000  0.055645
914.000000  0.055702
915.000000  0.055736
916.000000  0.055810
917.000000  0.055865
918.000000  0.055924
919.000000  0.055981
920.000000  0.056046
921.000000  0.056099
922.000000  0.056167
923.000000  0.056240
924.000000  0.056311
925.000000  0.056339
926.000000  0.056417
927.000000  0.056465
928.000000  0.056546
929.000000  0.056610
930.000000  0.056663
931.000000  0.056736
932.000000  0.056824
933.000000  0.056872
934.000000  0.056943
935.000000  0.057019
936.000000  0.057091
937.000000  0.057121
938.000000  0.057184
939.000000  0.057252
940.000000  0.057332
941.000000  0.057398
942.000000  0.057466
943.000000  0.057528
944.000000  0.057602
945.000000  0.057674
946.000000  0.057730
947.000000  0.057791
948.000000  0.057850
949.000000  0.057910
950.000000  0.057988
951.000000  0.058062
952.000000  0.058124
953.000000  0.058190
954.000000  0.058255
955.000000  0.058329
956.000000  0.058395
957.000000  0.058473
958.000000  0.058522
959.000000  0.058576
960.000000  0.058649
961.000000  0.058703
962.000000  0.058757
963.000000  0.058810
964.000000  0.058880
965.000000  0.058947
966.000000  0.058990
967.000000  0.059032
968.000000  0.059097
969.000000  0.059146
970.000000  0.059209
971.000000  0.059247
972.000000  0.059302
973.000000  0.059341
974.000000  0.059399
975.000000  0.059430
976.000000  0.059481
977.000000  0.059532
978.000000  0.059547
979.000000  0.059592
980.000000  0.059638
981.000000  0.059679
982.000000  0.059702
983.000000  0.059755
984.000000  0.059791
985.000000  0.059827
986.000000  0.059854
987.000000  0.059896
988.000000  0.059931
989.000000  0.059959
990.000000  0.059992
991.000000  0.060000
992.000000  0.060055
993.000000  0.060067
994.000000  0.060087
995.000000  0.060092
996.000000  0.060108
997.000000  0.060123
998.000000  0.060140
999.000000  0.060136
1000.000000  0.060138
